0 0.41744791666666664 0.3351851851851852 0.04010416666666667 0.06111111111111111
0 0.46848958333333335 0.34675925925925927 0.0421875 0.062037037037037036
1 0.40963541666666664 0.30416666666666664 0.015104166666666667 0.041666666666666664
0 0.4114583333333333 0.3143518518518518 0.008333333333333333 0.026851851851851852
1 0.42083333333333334 0.3277777777777778 0.01875 0.07592592592592592
1 0.48385416666666664 0.31851851851851853 0.013541666666666667 0.03888888888888889
1 0.4005208333333333 0.3212962962962963 0.0125 0.06296296296296296
0 0.37109375 0.3472222222222222 0.019270833333333334 0.05740740740740741
1 0.3684895833333333 0.3300925925925926 0.019270833333333334 0.08796296296296297
0 0.34010416666666665 0.36157407407407405 0.046875 0.09907407407407408
1 0.33567708333333335 0.34629629629629627 0.0453125 0.10185185185185185
0 0.32057291666666665 0.41203703703703703 0.0515625 0.12962962962962962