0 0.375390625 0.5892116182572614 0.06171875 0.12240663900414937
1 0.376171875 0.546161825726141 0.05078125 0.13174273858921162
1 0.37421875 0.5518672199170125 0.046875 0.11203319502074689
0 0.441015625 0.5534232365145229 0.04609375 0.06950207468879668
1 0.434375 0.5383817427385892 0.028125 0.08298755186721991
0 0.446875 0.5746887966804979 0.053125 0.0954356846473029
1 0.446484375 0.5425311203319502 0.04453125 0.1037344398340249
0 0.49140625 0.5778008298755186 0.05625 0.10580912863070539
1 0.488671875 0.5435684647302904 0.05546875 0.12655601659751037
1 0.731640625 0.5321576763485477 0.02890625 0.08298755186721991
1 0.719921875 0.5306016597510373 0.02578125 0.05912863070539419
0 0.091796875 0.8075726141078838 0.18359375 0.38278008298755184
1 0.089453125 0.7219917012448133 0.17109375 0.42531120331950206