0 0.1109375 0.3425925925925926 0.041666666666666664 0.07407407407407407
0 0.14401041666666667 0.3527777777777778 0.024479166666666666 0.04814814814814815
0 0.17291666666666666 0.3435185185185185 0.03854166666666667 0.06666666666666667
0 0.33958333333333335 0.35509259259259257 0.057291666666666664 0.09722222222222222
0 0.42578125 0.3458333333333333 0.03802083333333333 0.0787037037037037
0 0.40234375 0.350462962962963 0.0453125 0.11018518518518519
0 0.45286458333333335 0.34305555555555556 0.033854166666666664 0.09537037037037037
0 0.47109375 0.3597222222222222 0.044270833333333336 0.10277777777777777
0 0.5010416666666667 0.3509259259259259 0.03333333333333333 0.08703703703703704
0 0.53359375 0.35 0.034895833333333334 0.09074074074074075
0 0.5705729166666667 0.3435185185185185 0.0421875 0.09259259259259259
0 0.6020833333333333 0.3592592592592593 0.04375 0.09259259259259259
0 0.6546875 0.3486111111111111 0.030208333333333334 0.09722222222222222
0 0.6690104166666667 0.3675925925925926 0.025520833333333333 0.09259259259259259
0 0.7020833333333333 0.38796296296296295 0.05416666666666667 0.1037037037037037