0 0.17734375 0.4880705394190871 0.0734375 0.07572614107883817
1 0.159375 0.46732365145228216 0.0359375 0.09024896265560166
1 0.18515625 0.4756224066390041 0.0375 0.09232365145228216
0 0.53203125 0.47769709543568467 0.0078125 0.00933609958506224
1 0.53203125 0.4662863070539419 0.0078125 0.015560165975103735
0 0.590625 0.4636929460580913 0.0140625 0.026970954356846474
1 0.58828125 0.4538381742738589 0.0125 0.03008298755186722
0 0.804296875 0.45228215767634855 0.04765625 0.03941908713692946
0 0.93125 0.44968879668049794 0.034375 0.03630705394190872
0 0.959765625 0.4465767634854772 0.03984375 0.038381742738589214
0 0.941796875 0.45487551867219916 0.03515625 0.025933609958506226