0 0.006510416666666667 0.3337962962962963 0.013020833333333334 0.03981481481481482
0 0.026041666666666668 0.33564814814814814 0.014583333333333334 0.03981481481481482
0 0.22369791666666666 0.350462962962963 0.058854166666666666 0.08796296296296297
0 0.2828125 0.324537037037037 0.027083333333333334 0.075
0 0.3145833333333333 0.3296296296296296 0.053125 0.05185185185185185
0 0.32890625 0.4898148148148148 0.08802083333333334 0.2388888888888889
1 0.35052083333333334 0.4078703703703704 0.04375 0.19907407407407407
1 0.33828125 0.4527777777777778 0.0890625 0.2722222222222222
0 0.13020833333333334 0.5171296296296296 0.09479166666666666 0.22314814814814815
1 0.14088541666666668 0.4601851851851852 0.08177083333333333 0.3
0 0.8380208333333333 0.39490740740740743 0.023958333333333335 0.10277777777777777
0 0.9208333333333333 0.44166666666666665 0.153125 0.21666666666666667
0 0.7924479166666667 0.6458333333333334 0.28489583333333335 0.32314814814814813
1 0.78671875 0.5689814814814815 0.1265625 0.4898148148148148