0 0.8864583333333333 0.4083333333333333 0.08541666666666667 0.10555555555555556
0 0.7419270833333333 0.3787037037037037 0.034895833333333334 0.1
0 0.6984375 0.3638888888888889 0.03333333333333333 0.09814814814814815
0 0.6658854166666667 0.3625 0.0421875 0.10092592592592593
0 0.62109375 0.36064814814814816 0.028645833333333332 0.09166666666666666
0 0.59765625 0.362962962962963 0.03697916666666667 0.10925925925925926
0 0.3268229166666667 0.34444444444444444 0.03697916666666667 0.07592592592592592
1 0.33046875 0.3277777777777778 0.0203125 0.07777777777777778
0 0.06927083333333334 0.3439814814814815 0.04375 0.04722222222222222
0 0.10546875 0.3388888888888889 0.0140625 0.05
1 0.10677083333333333 0.33240740740740743 0.01875 0.06481481481481481