0 0.3494791666666667 0.3509259259259259 0.046875 0.1
1 0.33984375 0.33564814814814814 0.044270833333333336 0.09722222222222222
0 0.32916666666666666 0.4027777777777778 0.046875 0.1259259259259259
0 0.3763020833333333 0.33194444444444443 0.0265625 0.06018518518518518
1 0.37265625 0.3194444444444444 0.0203125 0.08888888888888889
0 0.42734375 0.3282407407407407 0.0453125 0.062037037037037036
0 0.4765625 0.3375 0.04375 0.05648148148148148
1 0.41640625 0.2902777777777778 0.0140625 0.03611111111111111
1 0.42682291666666666 0.3212962962962963 0.019270833333333334 0.08703703703703704
1 0.49192708333333335 0.30648148148148147 0.008854166666666666 0.040740740740740744
1 0.4778645833333333 0.30277777777777776 0.009895833333333333 0.03518518518518519