0 0.501953125 0.5414937759336099 0.01015625 0.014522821576763486
1 0.50078125 0.5300829875518672 0.0078125 0.014522821576763486
0 0.621875 0.5757261410788381 0.025 0.043568464730290454
1 0.621484375 0.5570539419087137 0.02734375 0.06016597510373444
0 0.7125 0.6032157676348547 0.034375 0.07572614107883817
1 0.7078125 0.5809128630705395 0.0421875 0.0975103734439834
0 0.469140625 0.578838174273859 0.03671875 0.07468879668049792
1 0.46640625 0.5456431535269709 0.0390625 0.03941908713692946
1 0.4625 0.5648340248962656 0.0390625 0.07157676348547717
0 0.581640625 0.549792531120332 0.01484375 0.026970954356846474
1 0.580078125 0.5352697095435685 0.01953125 0.026970954356846474