0 0.07083333333333333 0.3509259259259259 0.04375 0.04814814814814815
0 0.1015625 0.34953703703703703 0.017708333333333333 0.049074074074074076
1 0.06380208333333333 0.33055555555555555 0.013020833333333334 0.05555555555555555
1 0.07395833333333333 0.34120370370370373 0.021875 0.06388888888888888
1 0.07916666666666666 0.3263888888888889 0.010416666666666666 0.030555555555555555
1 0.0875 0.33796296296296297 0.015625 0.05925925925925926
1 0.10286458333333333 0.3435185185185185 0.0171875 0.06296296296296296
0 0.32369791666666664 0.35694444444444445 0.0296875 0.06388888888888888
1 0.32421875 0.3421296296296296 0.021354166666666667 0.07685185185185185
0 0.6111979166666667 0.3587962962962963 0.03177083333333333 0.07314814814814814
0 0.5958333333333333 0.37592592592592594 0.052083333333333336 0.1037037037037037
0 0.64609375 0.3712962962962963 0.0390625 0.08888888888888889
0 0.6559895833333333 0.37592592592592594 0.043229166666666666 0.10555555555555556
1 0.6375 0.3638888888888889 0.034375 0.12222222222222222
0 0.6908854166666667 0.37916666666666665 0.033854166666666664 0.10092592592592593
0 0.73515625 0.38842592592592595 0.0359375 0.10277777777777777
0 0.8768229166666667 0.4166666666666667 0.0828125 0.10925925925925926