1 0.8341145833333333 0.3625 0.013020833333333334 0.026851851851851852
1 0.8283854166666667 0.37175925925925923 0.03177083333333333 0.04537037037037037
0 0.8265625 0.4310185185185185 0.030208333333333334 0.07685185185185185
1 0.7643229166666666 0.3486111111111111 0.005729166666666666 0.013888888888888888
0 0.7651041666666667 0.3578703703703704 0.011458333333333333 0.013888888888888888
1 0.73671875 0.35509259259259257 0.013020833333333334 0.025
0 0.7361979166666667 0.36944444444444446 0.0140625 0.025925925925925925
0 0.6294270833333333 0.3680555555555556 0.0078125 0.01574074074074074
1 0.6291666666666667 0.35555555555555557 0.007291666666666667 0.014814814814814815
0 0.7348958333333333 0.55 0.18125 0.2111111111111111
1 0.7317708333333334 0.5013888888888889 0.08541666666666667 0.2898148148148148