0 0.484765625 0.5103734439834025 0.01015625 0.016597510373443983
1 0.484765625 0.5036307053941909 0.00859375 0.015560165975103735
0 0.466015625 0.5357883817427386 0.01796875 0.032157676348547715
1 0.463671875 0.5202282157676349 0.02109375 0.04045643153526971
0 0.3828125 0.5466804979253111 0.028125 0.05394190871369295
1 0.384765625 0.5404564315352697 0.03203125 0.06224066390041494
0 0.649609375 0.5689834024896265 0.03203125 0.061203319502074686
0 0.787109375 0.620850622406639 0.05390625 0.10269709543568464
1 0.78828125 0.5892116182572614 0.0484375 0.14107883817427386
0 0.52265625 0.6410788381742739 0.0828125 0.17427385892116182
1 0.51953125 0.604253112033195 0.0828125 0.19605809128630705