0 0.30234375 0.2550925925925926 0.019270833333333334 0.026851851851851852
0 0.31484375 0.25324074074074077 0.024479166666666666 0.03796296296296296
0 0.34010416666666665 0.25555555555555554 0.026041666666666668 0.044444444444444446
0 0.36744791666666665 0.2564814814814815 0.025520833333333333 0.046296296296296294
0 0.35625 0.2550925925925926 0.029166666666666667 0.049074074074074076
0 0.44921875 0.24722222222222223 0.03802083333333333 0.03888888888888889
0 0.92265625 0.3347222222222222 0.09114583333333333 0.11018518518518519
1 0.91875 0.27870370370370373 0.03333333333333333 0.10740740740740741
1 0.9671875 0.28888888888888886 0.025 0.08518518518518518
1 0.9864583333333333 0.2712962962962963 0.01875 0.05740740740740741
1 0.9848958333333333 0.3375 0.029166666666666667 0.1527777777777778
0 0.9755208333333333 0.37777777777777777 0.04791666666666667 0.0962962962962963