0 0.21484375 0.36157407407407405 0.06927083333333334 0.08981481481481482
0 0.27291666666666664 0.337037037037037 0.029166666666666667 0.07592592592592592
0 0.29609375 0.35509259259259257 0.033854166666666664 0.03981481481481482
0 0.11770833333333333 0.524537037037037 0.084375 0.225
1 0.12864583333333332 0.46944444444444444 0.084375 0.3037037037037037
0 0.9067708333333333 0.4708333333333333 0.15416666666666667 0.18611111111111112
0 0.8317708333333333 0.3925925925925926 0.022916666666666665 0.08518518518518518
0 0.31302083333333336 0.5023148148148148 0.08020833333333334 0.2361111111111111
1 0.3375 0.425 0.04375 0.1962962962962963
1 0.32421875 0.46111111111111114 0.09322916666666667 0.26851851851851855
0 0.7744791666666667 0.6569444444444444 0.28229166666666666 0.3212962962962963
1 0.76875 0.5796296296296296 0.12916666666666668 0.49074074074074076